-6.135000
-6.100000
-6.100000
-6.080000
-6.075000
-6.085000
-6.085000
-6.115000
-6.150000
-6.145000
-6.155000
-6.170000
-6.135000
-6.090000
-6.060000
-6.060000
-6.070000
-6.085000
-6.110000
-6.125000
-6.165000
-6.215000
-6.240000
-6.235000
-6.255000
-6.265000
-6.280000
-6.315000
-6.310000
-6.325000
-6.320000
-6.310000
-6.305000
-6.295000
-6.280000
-6.300000
-6.300000
-6.315000
-6.335000
-6.335000
-6.315000
-6.300000
-6.270000
-6.260000
-6.265000
-6.265000
-6.305000
-6.325000
-6.380000
-6.385000
-6.390000
-6.365000
-6.345000
-6.325000
-6.290000
-6.280000
-6.280000
-6.295000
-6.310000
-6.335000
-6.355000
-6.345000
-6.320000
-6.245000
-6.120000
-5.960000
-5.790000
-5.640000
-5.580000
-5.575000
-5.630000
-5.635000
-5.595000
-5.440000
-5.260000
-5.095000
-5.005000
-5.080000
-5.340000
-5.740000
-6.170000
-6.565000
-6.855000
-7.020000
-7.095000
-7.135000
-7.190000
-7.240000
-7.285000
-7.340000
-7.375000
-7.380000
-7.375000
-7.375000
-7.385000
-7.405000
-7.410000
-7.395000
-7.350000
-7.295000
-7.215000
-7.125000
-7.010000
-6.855000
-6.745000
-6.635000
-6.535000
-6.485000
-6.475000
-6.460000
-6.440000
-6.405000
-6.370000
-6.345000
-6.325000
-6.320000
-6.305000
-6.330000
-6.360000
-6.390000
-6.400000
-6.390000
-6.400000
-6.355000
-6.365000
-6.365000
-6.355000
-6.350000
-6.370000
-6.370000
-6.385000
-6.390000
-6.395000
-6.400000
-6.395000
-6.405000
-6.405000
-6.425000
-6.420000
-6.440000
-6.445000
-6.465000
-6.465000
-6.470000
-6.485000
-6.495000
-6.520000
-6.540000
-6.555000
-6.570000
-6.565000
-6.550000
-6.555000
-6.555000
-6.550000
-6.550000
-6.555000
-6.565000
-6.580000
-6.590000
-6.570000
-6.555000
-6.550000
-6.530000
-6.540000
-6.565000
-6.570000
-6.565000
-6.560000
-6.540000
-6.535000
-6.510000
-6.475000
-6.455000
-6.425000
-6.410000
-6.405000
-6.400000
-6.395000
-6.400000
-6.380000
-6.340000
-6.330000
-6.325000
-6.305000
-6.290000
-6.270000
-6.240000
-6.230000
-6.220000
-6.225000
-6.250000
-6.250000
-6.235000
-6.230000
-6.225000
-6.210000
-6.185000
-6.155000
-6.135000
-6.160000
-6.185000
-6.185000
-6.225000
-6.230000
-6.220000
-6.220000
-6.200000
-6.180000
-6.160000
-6.150000
-6.150000
-6.160000
-6.185000
-6.225000
-6.235000
-6.235000
-6.235000
-6.235000
-6.225000
-6.195000
-6.195000
-6.195000
-6.180000
-6.195000
-6.215000
-6.245000
-6.280000
-6.305000
-6.300000
-6.280000
-6.260000
-6.235000
-6.225000
-6.220000
-6.225000
-6.230000
-6.230000
-6.230000
-6.235000
-6.230000
-6.235000
-6.250000
-6.255000
-6.250000
-6.250000
-6.230000
-6.225000
-6.225000
-6.205000
-6.200000
-6.210000
-6.215000
-6.225000
-6.235000
-6.240000
-6.240000
-6.240000
-6.215000
-6.210000
-6.235000
-6.230000
-6.230000
-6.215000
-6.220000
-6.215000
-6.215000
-6.225000
-6.225000
-6.225000
-6.200000
-6.175000
-6.170000
-6.195000
-6.215000
-6.255000
-6.255000
-6.250000
-6.245000
-6.250000
-6.215000
-6.195000
-6.180000
-6.175000
-6.170000
-6.175000
-6.195000
-6.195000
-6.200000
-6.190000
-6.195000
-6.190000
-6.160000
-6.160000
-6.135000
-6.120000
-6.130000
-6.120000
-6.125000
-6.100000
-6.095000
-6.060000
-6.045000
-6.005000
-5.980000
-5.985000
-6.015000
-6.040000
-6.065000
-6.085000
-6.090000
-6.110000
-6.110000
-6.115000
-6.095000
-6.065000
-6.040000
-6.005000
-5.980000
-5.995000
-6.040000
-6.080000
-6.100000
-6.120000
-6.150000
-6.160000
-6.170000
-6.195000
-6.200000
-6.205000
-6.195000
-6.185000
-6.175000
-6.185000
-6.210000
-6.245000
-6.280000
-6.305000
-6.320000
-6.295000
-6.270000
-6.245000
-6.230000
-6.225000
-6.250000
-6.250000
-6.250000
-6.255000
-6.260000
-6.260000
-6.270000
-6.285000
-6.280000
-6.275000
-6.265000
-6.215000
-6.215000
-6.200000
-6.205000
-6.230000
-6.245000
-6.270000
-6.300000
-6.290000
-6.290000
-6.240000
-6.165000
-6.050000
-5.890000
-5.730000
-5.570000
-5.470000
-5.435000
-5.455000
-5.505000
-5.505000
-5.455000
-5.345000
-5.185000
-5.015000
-4.935000
-4.940000
-5.115000
-5.465000
-5.885000
-6.325000
-6.695000
-6.955000
-7.095000
-7.170000
-7.210000
-7.230000
-7.265000
-7.300000
-7.310000
-7.335000
-7.325000
-7.295000
-7.280000
-7.265000
-7.235000
-7.205000
-7.175000
-7.145000
-7.080000
-6.975000
-6.835000
-6.685000
-6.570000
-6.475000
-6.420000
-6.370000
-6.350000
-6.355000
-6.350000
-6.345000
-6.360000
-6.360000
-6.365000
-6.350000
-6.340000
-6.330000
-6.325000
-6.330000
-6.290000
-6.285000
-6.290000
-6.295000
-6.310000
-6.320000
-6.330000
-6.340000
-6.345000
-6.340000
-6.345000
-6.345000
-6.335000
-6.350000
-6.330000
-6.345000
-6.390000
-6.395000
-6.405000
-6.420000
-6.425000
-6.435000
-6.455000
-6.480000
-6.500000
-6.500000
-6.485000
-6.475000
-6.450000
-6.465000
-6.480000
-6.495000
-6.505000
-6.535000
-6.565000
-6.570000
-6.555000
-6.535000
-6.530000
-6.510000
-6.505000
-6.480000
-6.500000
-6.515000
-6.525000
-6.535000
-6.560000
-6.540000
-6.520000
-6.500000
-6.470000
-6.425000
-6.415000
-6.415000
-6.405000
-6.400000
-6.405000
-6.395000
-6.375000
-6.350000
-6.325000
-6.310000
-6.270000
-6.255000
-6.230000
-6.210000
-6.190000
-6.190000
-6.200000
-6.210000
-6.220000
-6.225000
-6.190000
-6.185000
-6.175000
-6.150000
-6.140000
-6.160000
-6.165000
-6.185000
-6.190000
-6.185000
-6.175000
-6.155000
-6.145000
-6.145000
-6.145000
-6.145000
-6.160000
-6.170000
-6.175000
-6.155000
-6.150000
-6.155000
-6.175000
-6.175000
-6.185000
-6.175000
-6.190000
-6.170000
-6.175000
-6.170000
-6.165000
-6.190000
-6.185000
-6.200000
-6.200000
-6.185000
-6.165000
-6.175000
-6.165000
-6.170000
-6.155000
-6.165000
-6.190000
-6.185000
-6.200000
-6.195000
-6.195000
-6.175000
-6.170000
-6.155000
-6.145000
-6.125000
-6.120000
-6.115000
-6.110000
-6.110000
-6.125000
-6.145000
-6.165000
-6.175000
-6.175000
-6.170000
-6.150000
-6.130000
-6.115000
-6.100000
-6.105000
-6.135000
-6.160000
-6.180000
-6.180000
-6.175000
-6.155000
-6.135000
-6.115000
-6.100000
-6.085000
-6.110000
-6.105000
-6.110000
-6.115000
-6.130000
-6.125000
-6.120000
-6.105000
-6.095000
-6.070000
-6.075000
-6.080000
-6.080000
-6.095000
-6.085000
-6.080000
-6.095000
-6.070000
-6.065000
-6.050000
-6.020000
-6.015000
-5.990000
-5.985000
-5.960000
-5.965000
-5.960000
-5.980000
-5.965000
-5.955000
-5.945000
-5.915000
-5.905000
-5.930000
-5.955000
-5.975000
-5.980000
-5.990000
-5.995000
-6.015000
-6.015000
-6.015000
-6.005000
-5.965000
-5.950000
-5.915000
-5.885000
-5.870000
-5.905000
-5.915000
-5.950000
-5.990000
-6.045000
-6.080000
-6.060000
-6.065000
-6.030000
-6.020000
-6.010000
-6.035000
-6.055000
-6.080000
-6.135000
-6.155000
-6.175000
-6.190000
-6.170000
-6.135000
-6.125000
-6.120000
-6.105000
-6.120000
-6.120000
-6.150000
-6.150000
-6.155000
-6.175000
-6.180000
-6.185000
-6.185000
-6.155000
-6.145000
-6.125000
-6.115000
-6.115000
-6.120000
-6.125000
-6.150000
-6.155000
-6.160000
-6.175000
-6.170000
-6.180000
-6.175000
-6.175000
-6.170000
-6.150000
-6.070000
-5.965000
-5.845000
-5.735000
-5.625000
-5.560000
-5.535000
-5.535000
-5.540000
-5.515000
-5.390000
-5.250000
-5.075000
-4.935000
-4.900000
-5.010000
-5.295000
-5.670000
-6.065000
-6.385000
-6.625000
-6.775000
-6.840000
-6.895000
-6.945000
-6.995000
-7.035000
-7.070000
-7.085000
-7.080000
-7.075000
-7.045000
-7.050000
-7.045000
-7.035000
-7.020000
-7.000000
-6.925000
-6.825000
-6.695000
-6.580000
-6.500000
-6.425000
-6.365000
-6.325000
-6.270000
-6.260000
-6.235000
-6.225000
-6.215000
-6.195000
-6.195000
-6.180000
-6.195000
-6.210000
-6.220000
-6.220000
-6.225000
-6.230000
-6.225000
-6.210000
-6.215000
-6.205000
-6.215000
-6.225000
-6.230000
-6.230000
-6.245000
-6.230000
-6.235000
-6.220000
-6.245000
-6.260000
-6.285000
-6.300000
-6.305000
-6.310000
-6.325000
-6.310000
-6.315000
-6.330000
-6.345000
-6.355000
-6.340000
-6.370000
-6.375000
-6.375000
-6.380000
-6.390000
-6.410000
-6.425000
-6.435000
-6.435000
-6.410000
-6.410000
-6.430000
-6.420000
-6.445000
-6.480000
-6.455000
-6.480000
-6.465000
-6.450000
-6.430000
-6.415000
-6.385000
-6.375000
-6.350000
-6.335000
-6.360000
-6.360000
-6.350000
-6.340000
-6.320000
-6.295000
-6.255000
-6.235000
-6.205000
-6.195000
-6.200000
-6.190000
-6.185000
-6.160000
-6.145000
-6.135000
-6.120000
-6.110000
-6.110000
-6.105000
-6.085000
-6.080000
-6.065000
-6.050000
-6.050000
-6.065000
-6.080000
-6.080000
-6.105000
-6.105000
-6.080000
-6.065000
-6.020000
-6.020000
-6.030000
-6.060000
-6.075000
-6.110000
-6.100000
-6.105000
-6.100000
-6.110000
-6.085000
-6.080000
-6.065000
-6.065000
-6.055000
-6.050000
-6.050000
-6.055000
-6.085000
-6.090000
-6.090000
-6.090000
-6.105000
-6.095000
-6.085000
-6.085000
-6.085000
-6.090000
-6.090000
-6.095000
-6.085000
-6.100000
-6.070000
-6.070000
-6.055000
-6.065000
-6.045000
-6.045000
-6.045000
-6.055000
-6.055000
-6.080000
-6.080000
-6.080000
-6.100000
-6.080000
-6.075000
-6.070000
-6.050000
-6.060000
-6.075000
-6.060000
-6.055000
-6.080000
-6.065000
-6.070000
-6.045000
-6.005000
-5.990000
-5.990000
-5.970000
-5.970000
-5.960000
-5.965000
-5.975000
-5.965000
-5.975000
-5.975000
-5.950000
-5.960000
-5.945000
-5.935000
-5.910000
-5.910000
-5.905000
-5.905000
-5.895000
-5.895000
-5.920000
-5.905000
-5.890000
-5.875000
-5.850000
-5.830000
-5.835000
-5.810000
-5.810000
-5.825000
-5.815000
-5.820000
-5.820000
-5.795000
-5.775000
-5.750000
-5.725000
-5.700000
-5.680000
-5.655000
-5.665000
-5.670000
-5.725000
-5.750000
-5.780000
-5.805000
-5.815000
-5.810000
-5.790000
-5.770000
-5.725000
-5.690000
-5.660000
-5.660000
-5.690000
-5.735000
-5.775000
-5.820000
-5.830000
-5.855000
-5.845000
-5.840000
-5.830000
-5.840000
-5.840000
-5.840000
-5.885000
-5.895000
-5.925000
-5.930000
-5.930000
-5.905000
-5.900000
-5.885000
-5.870000
-5.865000
-5.860000
-5.865000
-5.860000
-5.860000
-5.870000
-5.860000
-5.870000
-5.860000
-5.850000
-5.835000
-5.840000
-5.855000
-5.860000
-5.855000
-5.860000
-5.865000
-5.880000
-5.865000
-5.870000
-5.880000
-5.885000
-5.900000
-5.880000
-5.830000
-5.745000
-5.615000
-5.485000
-5.365000
-5.265000
-5.235000
-5.220000
-5.215000
-5.155000
-5.045000
-4.880000
-4.705000
-4.580000
-4.555000
-4.675000
-4.945000
-5.335000
-5.750000
-6.120000
-6.375000
-6.500000
-6.580000
-6.625000
-6.685000
-6.760000
-6.815000
-6.860000
-6.895000
-6.905000
-6.925000
-6.920000
-6.910000
-6.895000
-6.895000
-6.855000
-6.825000
-6.755000
-6.690000
-6.615000
-6.480000
-6.375000
-6.265000
-6.165000
-6.090000
-6.025000
-6.000000
-5.985000
-5.990000
-5.990000
-5.980000
-5.985000
-5.970000
-5.955000
-5.960000
-5.950000
-5.960000
-5.940000
-5.935000
-5.930000
-5.940000
-5.940000
-5.940000
-5.960000
-5.965000
-5.985000
-6.000000
-5.985000
-5.980000
-5.970000
-5.960000
-5.980000
-5.960000
-5.990000
-6.005000
-6.025000
-6.030000
-6.050000
-6.065000
-6.065000
-6.100000
-6.095000
-6.085000
-6.105000
-6.090000
-6.105000
-6.120000
-6.135000
-6.145000
-6.145000
-6.150000
-6.155000
-6.165000
-6.160000
-6.165000
-6.180000
-6.165000
-6.160000
-6.165000
-6.180000
-6.185000
-6.190000
-6.180000
-6.195000
-6.190000
-6.175000
-6.145000
-6.110000
-6.095000
-6.070000
-6.055000
-6.045000
-6.040000
-6.025000
-6.020000
-5.990000
-5.955000
-5.945000
-5.930000
-5.895000
-5.885000
-5.875000
-5.865000
-5.865000
-5.860000
-5.850000
-5.850000
-5.845000
-5.835000
-5.815000
-5.805000
-5.795000
-5.785000
-5.790000
-5.790000
-5.790000
-5.790000
-5.810000
-5.810000
-5.800000
-5.785000
-5.780000
-5.775000
-5.765000
-5.760000
-5.760000
-5.765000
-5.770000
-5.795000
-5.810000
-5.830000
-5.810000
-5.795000
-5.780000
-5.770000
-5.765000
-5.770000
-5.780000
-5.815000
-5.810000
-5.825000
-5.830000
-5.845000
-5.865000
-5.855000
-5.840000
-5.840000
-5.845000
-5.820000
-5.825000
-5.820000
-5.835000
-5.835000
-5.855000
-5.865000
-5.850000
-5.850000
-5.830000
-5.820000
-5.810000
-5.800000
-5.790000
-5.800000
-5.810000
-5.830000
-5.860000
-5.865000
-5.855000
-5.845000
-5.825000
-5.825000
-5.805000
-5.800000
-5.795000
-5.795000
-5.810000
-5.820000
-5.830000
-5.845000
-5.825000
-5.820000
-5.815000
-5.820000
-5.815000
-5.820000
-5.825000
-5.825000
-5.830000
-5.850000
-5.840000
-5.850000
-5.845000
-5.845000
-5.825000
-5.810000
-5.795000
-5.785000
-5.800000
-5.800000
-5.810000
-5.810000
-5.815000
-5.815000
-5.810000
-5.810000
-5.780000
-5.770000
-5.750000
-5.740000
-5.740000
-5.735000
-5.735000
-5.740000
-5.750000
-5.755000
-5.755000
-5.735000
-5.705000
-5.650000
-5.620000
-5.590000
-5.605000
-5.625000
-5.655000
-5.665000
-5.705000
-5.735000
-5.755000
-5.740000
-5.695000
-5.680000
-5.645000
-5.615000
-5.625000
-5.625000
-5.635000
-5.630000
-5.645000
-5.680000
-5.710000
-5.735000
-5.775000
-5.780000
-5.800000
-5.825000
-5.825000
-5.850000
-5.865000
-5.865000
-5.895000
-5.905000
-5.920000
-5.930000
-5.900000
-5.890000
-5.885000
-5.875000
-5.885000
-5.875000
-5.870000
-5.870000
-5.860000
-5.850000
-5.870000
-5.875000
-5.870000
-5.865000
-5.860000
-5.885000
-5.890000
-5.880000
-5.895000
-5.910000
-5.920000
-5.915000
-5.900000
-5.880000
-5.870000
-5.880000
-5.880000
-5.885000
-5.850000
-5.830000
-5.760000
-5.655000
-5.535000
-5.390000
-5.255000
-5.165000
-5.130000
-5.160000
-5.170000
-5.145000
-5.065000
-4.955000
-4.810000
-4.690000
-4.630000
-4.700000
-4.915000
-5.280000
-5.695000
-6.090000
-6.400000
-6.580000
-6.670000
-6.730000
-6.785000
-6.820000
-6.860000
-6.880000
-6.920000
-6.945000
-6.935000
-6.945000
-6.935000
-6.930000
-6.915000
-6.890000
-6.865000
-6.805000
-6.735000
-6.610000
-6.455000
-6.310000
-6.145000
-6.030000
-5.965000
-5.940000
-5.950000
-5.975000
-5.980000
-5.985000
-5.990000
-5.980000
-5.975000
-5.950000
-5.930000
-5.925000
-5.925000
-5.920000
-5.925000
-5.915000
-5.920000
-5.930000
-5.945000
-5.965000
-5.965000
-5.945000
-5.950000
-5.960000
-5.965000
-5.985000
-6.005000
-6.010000
-6.005000
-6.015000
-6.040000
-6.045000
-6.055000
-6.075000
-6.070000
-6.065000
-6.080000
-6.080000
-6.095000
-6.105000
-6.120000
-6.150000
-6.165000
-6.165000
-6.170000
-6.200000
-6.175000
-6.180000
-6.175000
-6.165000
-6.195000
-6.180000
-6.190000
-6.200000
-6.210000
-6.200000
-6.205000
-6.200000
-6.200000
-6.185000
-6.180000
-6.155000
-6.155000
-6.135000
-6.145000
-6.145000
-6.115000
-6.090000
-6.075000
-6.070000
-6.065000
-6.025000
-6.025000
-5.990000
-5.975000
-5.955000
-5.935000
-5.930000
-5.950000
-5.935000
-5.945000
-5.925000
-5.925000
-5.915000
-5.905000
-5.895000
-5.890000
-5.880000
-5.885000
-5.870000
-5.885000
-5.880000
-5.880000
-5.855000
-5.855000
-5.855000
-5.850000
-5.845000
-5.850000
-5.845000
-5.855000
-5.870000
-5.870000
-5.900000
-5.880000
-5.870000
-5.880000
-5.860000
-5.850000
-5.825000
-5.835000
-5.840000
-5.870000
-5.890000
-5.905000
-5.905000
-5.900000
-5.895000
-5.880000
-5.865000
-5.855000
-5.850000
-5.860000
-5.865000
-5.895000
-5.910000
-5.925000
-5.940000
-5.925000
-5.905000
-5.895000
-5.885000
-5.920000
-5.915000
-5.915000
-5.915000
-5.920000
-5.915000
-5.925000
-5.925000
-5.915000
-5.920000
-5.920000
-5.905000
-5.890000
-5.880000
-5.885000
-5.885000
-5.890000
-5.910000
-5.915000
-5.910000
-5.900000
-5.870000
-5.875000
-5.855000
-5.865000
-5.850000
-5.850000
-5.855000
-5.875000
-5.865000
-5.890000
-5.900000
-5.870000
-5.870000
-5.855000
-5.855000
-5.855000
-5.845000
-5.845000
-5.855000
-5.850000
-5.840000
-5.850000
-5.835000
-5.800000
-5.795000
-5.775000
-5.750000
-5.750000
-5.745000
-5.760000
-5.735000
-5.740000
-5.725000
-5.750000
-5.730000
-5.740000
-5.745000
-5.745000
-5.750000
-5.760000
-5.750000
-5.735000
-5.700000
-5.690000
-5.690000
-5.730000
-5.760000
-5.795000
-5.815000
-5.820000
-5.830000
-5.830000
-5.825000
-5.840000
-5.855000
-5.885000
-5.925000
-5.945000
-5.960000
-5.980000
-5.985000
-5.965000
-5.950000
-5.920000
-5.905000
-5.915000
-5.915000
-5.930000
-5.960000
-5.990000
-5.995000
-6.025000
-6.030000
-6.025000
-6.000000
-5.960000
-5.945000
-5.915000
-5.910000
-5.925000
-5.940000
-5.955000
-5.955000
-5.960000
-5.940000
-5.930000
-5.935000
-5.965000
-6.005000
-6.025000
-6.020000
-5.950000
-5.830000
-5.710000
-5.570000
-5.440000
-5.390000
-5.390000
-5.410000
-5.410000
-5.355000
-5.200000
-5.020000
-4.800000
-4.665000
-4.660000
-4.825000
-5.140000
-5.550000
-5.955000
-6.290000
-6.485000
-6.610000
-6.690000
-6.750000
-6.825000
-6.895000
-6.950000
-7.000000
-7.020000
-7.015000
-6.980000
-6.950000
-6.925000
-6.910000
-6.895000
-6.860000
-6.810000
-6.735000
-6.660000
-6.555000
-6.460000
-6.295000
-6.170000
-6.080000
-6.045000
-6.030000
-6.020000
-6.015000
-6.005000
-5.995000
-5.990000
-5.975000
-6.000000
-6.000000
-6.010000
-5.990000
-5.990000
-5.985000
-5.980000
-5.990000
-6.035000
-6.040000
-6.030000
-6.040000
-6.010000
-6.000000
-6.000000
-5.990000
-5.995000
-6.000000
-6.010000
-6.035000
-6.070000
-6.095000
-6.110000
-6.115000
-6.125000
-6.120000
-6.135000
-6.150000
-6.150000
-6.135000
-6.130000
-6.130000
-6.145000
-6.180000
-6.195000
-6.215000
-6.230000
-6.230000
-6.225000
-6.200000
-6.185000
-6.165000
-6.185000
-6.195000
-6.225000
-6.245000
-6.280000
-6.275000
-6.270000
-6.240000
-6.230000
-6.225000
-6.225000
-6.220000
-6.215000
-6.180000
-6.170000
-6.140000
-6.135000
-6.120000
-6.145000
-6.150000
-6.155000
-6.110000
-6.070000
-6.025000
-5.995000
-5.985000
-5.990000
-5.990000
-5.990000
-6.000000
-6.015000
-6.010000
-6.005000
-5.975000
-5.965000
-5.930000
-5.915000
-5.880000
-5.885000
-5.900000
-5.895000
-5.910000
-5.910000
-5.930000
-5.915000
-5.905000
-5.875000
-5.855000
-5.865000
-5.865000
-5.895000
-5.915000
-5.925000
-5.945000
-5.940000
-5.940000
-5.930000
-5.915000
-5.910000
-5.930000
-5.905000
-5.890000
-5.880000
-5.900000
-5.935000
-5.940000
-5.960000
-5.960000
-5.980000
-5.970000
-5.965000
-5.960000
-5.960000
-5.975000
-5.980000
-5.985000
-5.990000
-6.000000
-6.000000
-6.005000
-5.985000
-5.970000
-5.945000
-5.945000
-5.930000
-5.940000
-5.950000
-5.960000
-5.975000
-6.000000
-5.985000
-5.985000
-5.990000
-5.945000
-5.935000
-5.925000
-5.930000
-5.955000
-5.970000
-5.985000
-5.990000
-5.985000
-5.965000
-5.960000
-5.950000
-5.940000
-5.925000
-5.900000
-5.895000
-5.890000
-5.910000
-5.940000
-5.950000
-5.980000
-5.980000
-5.965000
-5.960000
-5.930000
-5.925000
-5.920000
-5.910000
-5.920000
-5.915000
-5.910000
-5.895000
-5.895000
-5.875000
-5.870000
-5.845000
-5.820000
-5.785000
-5.790000
-5.795000
-5.785000
-5.790000
-5.780000
-5.775000
-5.765000
-5.755000
-5.740000
-5.750000
-5.760000
-5.775000
-5.815000
-5.855000
-5.855000
-5.860000
-5.840000
-5.820000
-5.810000
-5.800000
-5.805000
-5.795000
-5.810000
-5.825000
-5.835000
-5.870000
-5.895000
-5.910000
-5.915000
-5.940000
-5.960000
-6.000000
-6.005000
-6.020000
-6.010000
-6.025000
-6.020000
-6.025000
-6.015000
-6.000000
-6.015000
-6.010000
-6.015000
-6.020000
-6.020000
-6.025000
-6.035000
-6.050000
-6.050000
-6.055000
-6.045000
-6.035000
-6.025000
-6.025000
-6.045000
-6.050000
-6.055000
-6.040000
-6.020000
-5.985000
-5.990000
-6.020000
-6.045000
-6.095000
-6.125000
-6.135000
-6.110000
-6.075000
-5.985000
-5.880000
-5.745000
-5.620000
-5.530000
-5.485000
-5.490000
-5.525000
-5.535000
-5.455000
-5.315000
-5.120000
-4.905000
-4.745000
-4.700000
-4.815000
-5.115000
-5.555000
-6.015000
-6.410000
-6.670000
-6.810000
-6.915000
-6.975000
-7.010000
-7.050000
-7.095000
-7.115000
-7.110000
-7.115000
-7.100000
-7.085000
-7.075000
-7.090000
-7.090000
-7.075000
-7.025000
-6.945000
-6.810000
-6.665000
-6.500000
-6.390000
-6.280000
-6.210000
-6.175000
-6.155000
-6.145000
-6.145000
-6.145000
-6.125000
-6.115000
-6.100000
-6.085000
-6.060000
-6.070000
-6.095000
-6.095000
-6.100000
-6.110000
-6.130000
-6.135000
-6.100000
-6.090000
-6.085000
-6.085000
-6.080000
-6.085000
-6.115000
-6.135000
-6.150000
-6.175000
-6.185000
-6.170000
-6.185000
-6.190000
-6.170000
-6.180000
-6.185000
-6.200000
-6.215000
-6.230000
-6.250000
-6.265000
-6.280000
-6.280000
-6.305000
-6.300000
-6.305000
-6.310000
-6.290000
-6.290000
-6.310000
-6.325000
-6.340000
-6.355000
-6.355000
-6.370000
-6.370000
-6.345000
-6.335000
-6.315000
-6.315000
-6.315000
-6.315000
-6.310000
-6.310000
-6.295000
-6.300000
-6.290000
-6.280000
-6.245000
-6.230000
-6.225000
-6.190000
-6.185000
-6.185000
-6.170000
-6.160000
-6.130000
-6.105000
-6.105000
-6.085000
-6.075000
-6.065000
-6.055000
-6.055000
-6.035000
-6.025000
-6.040000
-6.035000
-6.030000
-6.045000
-6.035000
-6.020000
-6.015000
-6.010000
-5.980000
-5.975000
-5.995000
-6.005000
-6.025000
-6.040000
-6.045000
-6.045000
-6.035000
-6.020000
-6.015000
-6.005000
-6.035000
-6.035000
-6.035000
-6.030000
-6.025000
-6.040000
-6.050000
-6.075000
-6.065000
-6.055000
-6.050000
-6.040000
-6.045000
-6.040000
-6.030000
-6.030000
-6.060000
-6.065000
-6.060000
-6.070000
-6.065000
-6.055000
-6.060000
-6.055000
-6.030000
-6.040000
-6.035000
-6.055000
-6.050000
-6.080000
-6.085000
-6.090000
-6.095000
-6.080000
-6.050000
-6.050000
-6.055000
-6.035000
-6.055000
-6.035000
-6.060000
-6.040000
-6.040000
-6.045000
-6.055000
-6.045000
-6.030000
-6.025000
-6.000000
-5.965000
-5.950000
-5.945000
-5.955000
-5.970000
-6.000000
-6.025000
-6.020000
-6.025000
-6.005000
-5.995000
-5.995000
-6.000000
-6.010000
-6.035000
-6.070000
-6.090000
-6.095000
-6.100000
-6.085000
-6.080000
-6.070000
-6.065000
-6.050000
-6.050000
-6.060000
-6.065000
-6.070000
-6.060000
-6.070000
-6.060000
-6.060000
-6.035000
-6.015000
-6.005000
-5.975000
-5.940000
-5.905000
-5.880000
-5.880000
-5.870000
-5.875000
-5.895000
-5.915000
-5.920000
-5.940000
-5.950000
-5.945000
-5.935000
-5.925000
-5.920000
-5.900000
-5.905000
-5.900000
-5.920000
-5.925000
-5.955000
-5.960000
-5.990000
-6.030000
-6.055000
-6.080000
-6.075000
-6.090000
-6.100000
-6.120000
-6.130000
-6.135000
-6.140000
-6.135000
-6.120000
-6.125000
-6.120000
-6.130000
-6.120000
-6.140000
-6.150000
-6.160000
-6.155000
-6.155000
-6.140000
-6.140000
-6.135000
-6.135000
-6.145000
-6.175000
-6.160000
-6.170000
-6.160000
-6.160000
-6.160000
-6.155000
-6.140000
-6.135000
-6.135000
-6.140000
-6.145000
-6.170000
-6.190000
-6.195000
-6.195000
-6.135000
-6.045000
-5.915000
-5.770000
-5.615000
-5.490000
-5.400000
-5.415000
-5.440000
-5.445000
-5.415000
-5.305000
-5.150000
-5.015000
-4.965000
-5.065000
-5.370000
-5.805000
-6.275000
-6.680000
-6.980000
-7.140000
-7.220000
-7.255000
-7.265000
-7.300000
-7.310000
-7.335000
-7.335000
-7.315000
-7.310000
-7.305000
-7.300000
-7.290000
-7.265000
-7.245000
-7.170000
-7.090000
-6.980000
-6.830000
-6.680000
-6.550000
-6.435000
-6.370000
-6.315000
-6.295000
-6.300000
-6.290000
-6.295000
-6.295000
-6.270000
-6.255000
-6.230000
-6.210000
-6.200000
-6.205000
-6.210000
-6.230000
-6.240000
-6.250000
-6.250000
-6.255000
-6.260000
-6.255000
-6.245000
-6.235000
-6.230000
-6.245000
-6.250000
-6.275000
-6.280000
-6.300000
-6.325000
-6.330000
-6.360000
-6.360000
-6.330000
-6.335000
-6.330000
-6.335000
-6.350000
-6.380000
-6.400000
-6.415000
-6.445000
-6.455000
-6.450000
-6.460000
-6.465000
-6.470000
-6.435000
-6.445000
-6.455000
-6.450000
-6.450000
-6.445000
-6.460000
-6.460000
-6.465000
-6.465000
-6.465000
-6.460000
-6.430000
-6.415000
-6.410000
-6.390000
-6.405000
-6.395000
-6.410000
-6.385000
-6.365000
-6.325000
-6.295000
-6.275000
-6.255000
-6.240000
-6.230000
-6.225000
-6.215000
-6.210000
-6.215000
-6.205000
-6.210000
-6.185000
-6.170000
-6.135000
-6.135000
-6.130000
-6.130000
-6.140000
-6.140000
-6.155000
-6.140000
-6.140000
-6.130000
-6.135000
-6.130000
-6.125000
-6.110000
-6.105000
-6.120000
-6.120000
-6.110000
-6.125000
-6.125000
-6.140000
-6.145000
-6.145000
-6.135000
-6.135000
-6.120000
-6.120000
-6.135000
-6.150000
-6.170000
-6.195000
-6.180000
-6.175000
-6.160000
-6.140000
-6.140000
-6.130000
-6.145000
-6.155000
-6.165000
-6.165000
-6.180000
-6.165000
-6.160000
-6.165000
-6.160000
-6.150000
-6.150000
-6.155000
-6.145000
-6.160000
-6.150000
-6.165000
-6.170000
-6.180000
-6.200000
-6.200000
-6.185000
-6.165000
-6.160000
-6.145000
-6.135000
-6.150000
-6.155000
-6.175000
-6.180000
-6.170000
-6.165000
-6.170000
-6.180000
-6.180000
-6.175000
-6.165000
-6.145000
-6.145000
-6.145000
-6.135000
-6.130000
-6.150000
-6.165000
-6.175000
-6.180000
-6.185000
-6.175000
-6.140000
-6.145000
-6.145000
-6.135000
-6.150000
-6.155000
-6.170000
-6.165000
-6.170000
-6.170000
-6.160000
-6.135000
-6.125000
-6.095000
-6.100000
-6.100000
-6.090000
-6.100000
-6.100000
-6.095000
-6.090000
-6.090000
-6.080000
-6.035000
-6.005000
-5.980000
-5.950000
-5.945000
-5.950000
-5.995000
-6.030000
-6.060000
-6.095000
-6.115000
-6.110000
-6.060000
-6.030000
-6.000000
-5.970000
-5.955000
-5.950000
-5.985000
-6.045000
-6.075000
-6.130000
-6.160000
-6.170000
-6.170000
-6.160000
-6.155000
-6.155000
-6.165000
-6.175000
-6.195000
-6.210000
-6.215000
-6.220000
-6.235000
-6.225000
-6.230000
-6.230000
-6.225000
-6.225000
-6.225000
-6.245000
-6.230000
-6.245000
-6.225000
-6.230000
-6.230000
-6.235000
-6.230000
-6.235000
-6.210000
-6.205000
-6.215000
-6.220000
-6.220000
-6.235000
-6.240000
-6.240000
-6.255000
-6.250000
-6.245000
-6.250000
-6.230000
-6.220000
-6.160000
-6.065000
-5.930000
-5.790000
-5.635000
-5.550000
-5.535000
-5.515000
-5.525000
-5.460000
-5.330000
-5.200000
-5.075000
-5.005000
-5.080000
-5.310000
-5.700000
-6.170000
-6.600000
-6.840000
-7.000000
-7.045000
-7.050000
-7.070000
-7.115000
-7.160000
-7.190000
-7.200000
-7.240000
-7.320000
-7.410000
-7.430000
-7.395000
-7.315000
-7.195000
-7.100000
-6.980000
-6.850000
-6.755000
-6.675000
-6.630000
-6.550000
-6.435000
-6.360000
-6.300000
-6.290000
-6.285000
-6.315000
-6.355000
-6.365000
-6.360000
-6.345000
-6.315000
-6.310000
-6.325000
-6.390000
-6.410000
-6.390000
-6.320000
-6.280000
-6.255000
-6.265000
-6.265000
-6.290000
-6.305000
-6.310000
-6.365000
-6.385000
-6.375000
-6.335000
-6.295000
-6.285000
-6.300000
-6.380000
-6.465000
-6.525000
-6.525000
-6.510000
-6.485000
-6.455000
-6.425000
-6.410000
-6.380000
-6.385000
-6.435000
-6.500000
-6.575000
-6.620000
-6.580000
-6.545000
-6.500000
-6.490000
-6.510000
-6.585000
-6.660000
-6.710000
-6.690000
-6.620000
-6.520000
-6.460000
-6.450000
-6.495000
-6.540000
-6.540000
-6.510000
-6.450000
-6.370000
-6.310000
-6.320000
-6.350000
-6.440000
-6.490000
-6.475000
-6.450000
-6.385000
-6.335000
-6.320000
-6.320000
-6.315000
-6.275000
-6.275000
-6.285000
-6.315000
-6.370000
-6.390000
-6.425000
-6.390000
-6.345000
-6.260000
-6.200000
-6.110000
-6.055000
-6.030000
-6.030000
-6.100000
-6.215000
-6.320000
-6.340000
-6.310000
-6.240000
-6.160000
-6.115000
-6.080000
-6.115000
-6.185000
-6.260000
-6.315000
-6.330000
-6.290000
-6.225000
-6.170000
-6.145000
-6.130000
-6.155000
-6.175000
-6.220000
-6.290000
-6.345000
-6.395000
-6.360000
-6.310000
-6.270000
-6.265000
-6.310000
-6.325000
-6.310000
-6.255000
-6.230000
-6.245000
-6.250000
-6.270000
-6.310000
-6.325000
-6.340000
-6.310000
-6.265000
-6.255000
-6.275000
-6.305000
-6.340000
-6.350000
-6.330000
-6.315000
-6.295000
-6.290000
-6.275000
-6.270000
-6.285000
-6.295000
-6.325000
-6.315000
-6.300000
-6.275000
-6.270000
-6.270000
-6.280000
-6.290000
-6.275000
-6.265000
-6.235000
-6.215000
-6.210000
-6.230000
-6.290000
-6.310000
-6.300000
-6.290000
-6.255000
-6.225000
-6.210000
-6.205000
-6.240000
-6.250000
-6.255000
-6.245000
-6.225000
-6.180000
-6.165000
-6.180000
-6.195000
-6.240000
-6.250000
-6.230000
-6.210000
-6.195000
-6.180000
-6.165000
-6.140000
-6.110000
-6.095000
-6.125000
-6.140000
-6.180000
-6.215000
-6.205000
-6.205000
-6.210000
-6.205000
-6.195000
-6.175000
-6.160000
-6.145000
-6.145000
-6.140000
-6.135000
-6.175000
-6.195000
-6.240000
-6.265000
-6.280000
-6.295000
-6.300000
-6.295000
-6.305000
-6.335000
-6.375000
-6.405000
-6.415000
-6.410000
-6.395000
-6.370000
-6.365000
-6.385000
-6.410000
-6.445000
-6.460000
-6.460000
-6.420000
-6.400000
-6.390000
-6.380000
-6.400000
-6.430000
-6.465000
-6.465000
-6.450000
-6.435000
-6.425000
-6.415000
-6.420000
-6.430000
-6.455000
-6.435000
-6.430000
-6.430000
-6.425000
-6.405000
-6.405000
-6.430000
-6.445000
-6.470000
-6.485000
-6.415000
-6.350000
-6.235000
-6.095000
-5.930000
-5.800000
-5.700000
-5.675000
-5.670000
-5.680000
-5.655000
-5.575000
-5.430000
-5.290000
-5.210000
-5.225000
-5.380000
-5.640000
-5.995000
-6.375000
-6.705000
-6.975000
-7.140000
-7.225000
-7.265000
-7.305000
-7.335000
-7.380000
-7.410000
-7.445000
-7.475000
-7.490000
-7.475000
-7.475000
-7.455000
-7.475000
-7.470000
-7.460000
-7.390000
-7.290000
-7.155000
-7.005000
-6.835000
-6.730000
-6.655000
-6.635000
-6.635000
-6.665000
-6.680000
-6.685000
-6.660000
-6.645000
-6.605000
-6.600000
-6.585000
-6.580000
-6.600000
-6.605000
-6.615000
-6.625000
-6.635000
-6.630000
-6.630000
-6.595000
-6.590000
-6.585000
-6.580000
-6.570000
-6.565000
-6.550000
-6.555000
-6.580000
-6.630000
-6.695000
-6.740000
-6.745000
-6.720000
-6.680000
-6.650000
-6.650000
-6.690000
-6.710000
-6.755000
-6.780000
-6.770000
-6.780000
-6.785000
-6.775000
-6.795000
-6.795000
-6.805000
-6.820000
-6.815000
-6.820000
-6.810000
-6.810000
-6.825000
-6.845000
-6.845000
-6.825000
-6.805000
-6.770000
-6.780000
-6.795000
-6.800000
-6.795000
-6.805000
-6.800000
-6.810000
-6.805000
-6.815000
-6.815000
-6.770000
-6.720000
-6.660000
-6.640000
-6.645000
-6.685000
-6.720000
-6.740000
-6.725000
-6.690000
-6.645000
-6.600000
-6.590000
-6.575000
-6.600000
-6.595000
-6.605000
-6.605000
-6.600000
-6.575000
-6.545000
-6.510000
-6.495000
-6.495000
-6.500000
-6.520000
-6.520000
-6.535000
-6.525000
-6.490000
-6.525000
-6.525000
-6.540000
-6.545000
-6.540000
-6.525000
-6.490000
-6.465000
-6.450000
-6.465000
-6.495000
-6.525000
-6.510000
-6.515000
-6.525000
-6.520000
-6.530000
-6.560000
-6.580000
-6.585000
-6.565000
-6.505000
-6.495000
-6.480000
-6.485000
-6.485000
-6.505000
-6.535000
-6.560000
-6.565000
-6.555000
-6.530000
-6.505000
-6.515000
-6.515000
-6.530000
-6.535000
-6.540000
-6.560000
-6.550000
-6.545000
-6.510000
-6.490000
-6.485000
-6.505000
-6.505000
-6.530000
-6.535000
-6.525000
-6.515000
-6.500000
-6.510000
-6.510000
-6.505000
-6.500000
-6.500000
-6.510000
-6.525000
-6.535000
-6.545000
-6.545000
-6.555000
-6.555000
-6.540000
-6.510000
-6.485000
-6.475000
-6.480000
-6.460000
-6.460000
-6.470000
-6.475000
-6.495000
-6.515000
-6.510000
-6.535000
-6.510000
-6.485000
-6.440000
-6.410000
-6.390000
-6.370000
-6.385000
-6.415000
-6.435000
-6.420000
-6.415000
-6.420000
-6.385000
-6.350000
-6.320000
-6.315000
-6.320000
-6.305000
-6.310000
-6.325000
-6.355000
-6.360000
-6.365000
-6.355000
-6.340000
-6.335000
-6.305000
-6.280000
-6.245000
-6.240000
-6.240000
-6.275000
-6.325000
-6.380000
-6.430000
-6.455000
-6.440000
-6.405000
-6.395000
-6.395000
-6.385000
-6.425000
-6.470000
-6.505000
-6.540000
-6.555000
-6.560000
-6.520000
-6.485000
-6.460000
-6.465000
-6.475000
-6.480000
-6.495000
-6.465000
-6.435000
-6.425000
-6.440000
-6.450000
-6.460000
-6.465000
-6.475000
-6.480000
-6.460000
-6.450000
-6.445000
-6.430000
-6.415000
-6.435000
-6.460000
-6.490000
-6.515000
-6.540000
-6.540000
-6.510000
-6.430000
-6.295000
-6.130000
-5.985000
-5.870000
-5.725000
-5.655000
-5.630000
-5.660000
-5.685000
-5.670000
-5.580000
-5.440000
-5.285000
-5.140000
-5.140000
-5.285000
-5.560000
-5.960000
-6.390000
-6.755000
-6.995000
-7.110000
-7.150000
-7.170000
-7.220000
-7.290000
-7.355000
-7.420000
-7.440000
-7.435000
-7.450000
-7.455000
-7.480000
-7.475000
-7.465000
-7.440000
-7.370000
-7.290000
-7.160000
-7.070000
-6.940000
-6.810000
-6.705000
-6.635000
-6.565000
-6.540000
-6.535000
-6.545000
-6.535000
-6.500000
-6.455000
-6.405000
-6.395000
-6.410000
-6.430000
-6.445000
-6.475000
-6.460000
-6.455000
-6.450000
-6.445000
-6.465000
-6.455000
-6.440000
-6.435000
-6.430000
-6.425000
-6.435000
-6.420000
-6.455000
-6.480000
-6.510000
-6.515000
-6.500000
-6.510000
-6.535000
-6.545000
-6.555000
-6.570000
-6.575000
-6.585000
-6.590000
-6.575000
-6.580000
-6.580000
-6.605000
-6.630000
-6.635000
-6.650000
-6.640000
-6.600000
-6.580000
-6.585000
-6.570000
-6.590000
-6.615000
-6.630000
-6.640000
-6.640000
-6.620000
-6.610000
-6.610000
-6.615000
-6.600000
-6.615000
-6.580000
-6.560000
-6.550000
-6.545000
-6.505000
-6.490000
-6.485000
-6.505000
-6.500000
-6.475000
-6.455000
-6.430000
-6.375000
-6.345000
-6.360000
-6.345000
-6.345000
-6.335000
-6.320000
-6.310000
-6.295000
-6.300000
-6.295000
-6.295000
-6.285000
-6.280000
-6.260000
-6.255000
-6.280000
-6.260000
-6.250000
-6.230000
-6.225000
-6.240000
-6.250000
-6.270000
-6.270000
-6.260000
-6.245000
-6.235000
-6.240000
-6.230000
-6.235000
-6.235000
-6.230000
-6.245000
-6.255000
-6.270000
-6.265000
-6.240000
-6.250000
-6.210000
-6.195000
-6.200000
-6.220000
-6.235000
-6.275000
-6.290000
-6.295000
-6.275000
-6.275000
-6.250000
-6.265000
-6.260000
-6.245000
-6.255000
-6.270000
-6.270000
-6.270000
-6.280000
-6.275000
-6.275000
-6.275000
-6.260000
-6.260000
-6.250000
-6.230000
-6.240000
-6.240000
-6.245000
-6.250000
-6.245000
-6.265000
-6.265000
-6.255000
-6.240000
-6.225000
-6.215000
-6.200000
-6.190000
-6.205000
-6.215000
-6.230000
-6.240000
-6.235000
-6.245000
-6.230000
-6.230000
-6.215000
-6.215000
-6.215000
-6.225000
-6.240000
-6.235000
-6.235000
-6.215000
-6.205000
-6.200000
-6.185000
-6.160000
-6.150000
-6.125000
-6.100000
-6.105000
-6.110000
-6.125000
-6.100000
-6.090000
-6.075000
-6.055000
-6.040000
-6.020000
-6.025000
-6.045000
-6.055000
-6.070000
-6.090000
-6.120000
-6.135000
-6.135000
-6.105000
-6.075000
-6.045000
-6.030000
-6.015000
-6.030000
-6.060000
-6.080000
-6.120000
-6.150000
-6.180000
-6.220000
-6.225000
-6.245000
-6.260000
-6.245000
-6.265000
-6.245000
-6.250000
-6.265000
-6.275000
-6.280000
-6.295000
-6.280000
-6.280000
-6.290000
-6.275000
-6.280000
-6.275000
-6.260000
-6.265000
-6.265000
-6.270000
-6.285000
-6.285000
-6.290000
-6.290000
-6.285000
-6.290000
-6.265000
-6.260000
-6.245000
-6.235000
-6.250000
-6.270000
-6.300000
-6.325000
-6.330000
-6.325000
-6.275000
-6.200000
-6.080000
-5.950000
-5.770000
-5.635000
-5.530000
-5.505000
-5.525000
-5.535000
-5.505000
-5.410000
-5.265000
-5.085000
-4.975000
-4.975000
-5.105000
-5.460000
-5.895000
-6.340000
-6.680000
-6.920000
-7.030000
-7.110000
-7.170000
-7.200000
-7.220000
-7.250000
-7.260000
-7.275000
-7.290000
-7.285000
-7.315000
-7.300000
-7.300000
-7.285000
-7.235000
-7.150000
-7.045000
-6.910000
-6.755000
-6.605000
-6.505000
-6.415000
-6.375000
-6.385000
-6.385000
-6.380000
-6.375000
-6.365000
-6.340000
-6.310000
-6.285000
-6.280000
-6.295000
-6.315000
-6.325000
-6.350000
-6.365000
-6.365000
-6.360000
-6.350000
-6.325000
-6.330000
-6.315000
-6.310000
-6.320000
-6.345000
-6.355000
-6.375000
-6.410000
-6.400000
-6.400000
-6.415000
-6.410000
-6.405000
-6.395000
-6.410000
-6.415000
-6.425000
-6.440000
-6.450000
-6.480000
-6.505000
-6.500000
-6.515000
-6.505000
-6.510000
-6.510000
-6.515000
-6.505000
-6.520000
-6.520000
-6.540000
-6.550000
-6.570000
-6.550000
-6.540000
-6.520000
-6.520000
-6.510000
-6.520000
-6.505000
-6.495000
-6.510000
-6.505000
-6.480000
-6.480000
-6.475000
-6.460000
-6.435000
-6.415000
-6.385000
-6.350000
-6.355000
-6.350000
-6.355000
-6.340000
-6.320000
-6.305000
-6.300000
-6.270000
-6.250000
-6.235000
-6.215000
-6.200000
-6.180000
-6.175000
-6.190000
-6.190000
-6.200000
-6.200000
-6.205000
-6.195000
-6.180000
-6.180000
-6.180000
-6.160000
-6.160000
-6.170000
-6.175000
-6.185000
-6.195000
-6.205000
-6.180000
-6.180000
-6.185000
-6.175000
-6.160000
-6.155000
-6.145000
-6.140000
-6.180000
-6.185000
-6.205000
-6.200000
-6.215000
-6.195000
-6.175000
-6.175000
-6.155000
-6.165000
-6.170000
-6.160000
-6.170000
-6.195000
-6.195000
-6.205000
-6.215000
-6.200000
-6.205000
-6.180000
-6.170000
-6.175000
-6.175000
-6.175000
-6.175000
-6.180000
-6.190000
-6.210000
-6.225000
-6.205000
-6.190000
-6.190000
-6.160000
-6.175000
-6.170000
-6.165000
-6.180000
-6.160000
-6.185000
-6.185000
-6.180000
-6.170000
-6.175000
-6.170000
-6.145000
-6.150000
-6.145000
-6.145000
-6.155000
-6.165000
-6.170000
-6.180000
-6.180000
-6.165000
-6.140000
-6.130000
-6.120000
-6.105000
-6.115000
-6.105000
-6.085000
-6.090000
-6.085000
-6.080000
-6.090000
-6.075000
-6.085000
-6.050000
-6.025000
-6.005000
-5.985000
-5.965000
-5.965000
-5.980000
-6.005000
-6.020000
-6.035000
-6.050000
-6.045000
-6.045000
-6.025000
-6.010000
-5.985000
-5.960000
-5.955000
-5.970000
-5.990000
-6.030000
-6.065000
-6.100000
-6.105000
-6.130000
-6.130000
-6.125000
-6.135000
-6.160000
-6.170000
-6.185000
-6.210000
-6.235000
-6.230000
-6.250000
-6.215000
-6.205000
-6.210000
-6.190000
-6.195000
-6.215000
-6.220000
-6.230000
-6.240000
-6.240000
-6.230000
-6.230000
-6.225000
-6.205000
-6.190000
-6.190000
-6.200000
-6.190000
-6.200000
-6.190000
-6.205000
-6.215000
-6.205000
-6.205000
-6.205000
-6.200000
-6.205000
-6.220000
-6.230000
-6.225000
-6.215000
-6.185000
-6.110000
-5.990000
-5.825000
-5.695000
-5.560000
-5.465000
-5.455000
-5.470000
-5.480000
-5.435000
-5.350000
-5.220000
-5.035000
-4.885000
-4.815000
-4.870000
-5.075000
-5.400000
-5.780000
-6.155000
-6.440000
-6.640000
-6.760000
-6.845000
-6.905000
-6.975000
-7.035000
-7.085000
-7.120000
-7.155000
-7.150000
-7.165000
-7.180000
-7.200000
-7.195000
-7.200000
-7.185000
-7.155000
-7.125000
-7.040000
-6.920000
-6.790000
-6.665000
-6.525000
-6.440000
-6.375000
-6.335000
-6.330000
-6.335000
-6.340000
-6.350000
-6.335000
-6.305000
-6.290000
-6.260000
-6.250000
-6.260000
-6.275000
-6.285000
-6.305000
-6.305000
-6.315000
-6.315000
-6.300000
-6.295000
-6.295000
-6.290000
-6.280000
-6.295000
-6.310000
-6.295000
-6.310000
-6.315000
-6.335000
-6.335000
-6.345000
-6.365000
-6.380000
-6.375000
-6.380000
-6.380000
-6.390000
-6.415000
-6.425000
-6.455000
-6.445000
-6.455000
-6.470000
-6.460000
-6.465000
-6.460000
-6.470000
-6.485000
-6.485000
-6.485000
-6.485000
-6.505000
-6.520000
-6.520000
-6.515000
-6.515000
-6.510000
-6.505000
-6.495000
-6.490000
-6.510000
-6.500000
-6.500000
-6.500000
-6.495000
-6.470000
-6.445000
-6.430000
-6.405000
-6.385000
-6.370000
-6.375000
-6.360000
-6.340000
-6.340000
-6.330000
-6.320000
-6.315000
-6.305000
-6.270000
-6.240000
-6.225000
-6.200000
-6.180000
-6.170000
-6.180000
-6.180000
-6.175000
-6.170000
-6.165000
-6.155000
-6.150000
-6.155000
-6.155000
-6.130000
-6.140000
-6.130000
-6.125000
-6.150000
-6.140000
-6.145000
-6.140000
-6.140000
-6.135000
-6.135000
-6.135000
-6.120000
-6.115000
-6.135000
-6.140000
-6.145000
-6.150000
-6.160000
-6.165000
-6.150000
-6.145000
-6.130000
-6.130000
-6.125000
-6.135000
-6.150000
-6.155000
-6.165000
-6.175000
-6.200000
-6.205000
-6.200000
-6.190000
-6.185000
-6.160000
-6.185000
-6.180000
-6.195000
-6.180000
-6.180000
-6.195000
-6.205000
-6.190000
-6.190000
-6.175000
-6.200000
-6.175000
-6.165000
-6.170000
-6.175000
-6.170000
-6.175000
-6.170000
-6.180000
-6.180000
-6.190000
-6.185000
-6.175000
-6.155000
-6.140000
-6.150000
-6.170000
-6.170000
-6.170000
-6.170000
-6.170000
-6.175000
-6.160000
-6.155000
-6.155000
-6.140000
-6.130000
-6.115000
-6.105000
-6.100000
-6.105000
-6.100000
-6.095000
-6.095000
-6.070000
-6.055000
-6.055000
-6.040000
-6.025000
-6.030000
-6.020000
-6.005000
-5.990000
-5.980000
-5.975000
-5.955000
-5.960000
-5.955000
-5.950000
-5.965000
-5.980000
-5.995000
-6.015000
-6.025000
-6.020000
-6.005000
-5.990000
-5.960000
-5.960000
-5.940000
-5.955000
-5.985000
-6.005000
-6.055000
-6.085000
-6.100000
-6.120000
-6.135000
-6.145000
-6.155000
-6.180000
-6.180000
-6.180000
-6.185000
-6.180000
-6.190000
-6.185000
-6.190000
-6.205000
-6.220000
-6.215000
-6.215000
-6.205000
-6.190000
-6.185000
-6.175000
-6.175000
-6.180000
-6.185000
-6.190000
-6.205000
-6.210000
-6.200000
-6.205000
-6.190000
-6.190000
-6.180000
-6.170000
-6.150000
-6.170000
-6.180000
-6.220000
-6.240000
-6.235000
-6.245000
-6.225000
-6.155000
-6.030000
-5.915000
-5.775000
-5.640000
-5.545000
-5.515000
-5.505000
-5.495000
-5.470000
-5.380000
-5.205000
-5.010000
-4.800000
-4.670000
-4.665000
-4.835000
-5.180000
-5.600000
-5.995000
-6.335000
-6.560000
-6.685000
-6.760000
-6.815000
-6.880000
-6.930000
-7.000000
-7.040000
-7.065000
-7.095000
-7.110000
-7.110000
-7.120000
-7.130000
-7.105000
-7.075000
-7.025000
-6.935000
-6.825000
-6.695000
-6.565000
-6.445000
-6.355000
-6.285000
-6.235000
-6.215000
-6.210000
-6.200000
-6.185000
-6.165000
-6.155000
-6.125000
-6.130000
-6.130000
-6.120000
-6.105000
-6.115000
-6.130000
-6.120000
-6.120000
-6.125000
-6.140000
-6.120000
-6.120000
-6.125000
-6.160000
-6.145000
-6.170000
-6.175000
-6.200000
-6.215000
-6.200000
-6.210000
-6.210000
-6.225000
-6.215000
-6.240000
-6.250000
-6.280000
-6.290000
-6.295000
-6.310000
-6.315000
-6.330000
-6.310000
-6.310000
-6.305000
-6.315000
-6.315000
-6.330000
-6.330000
-6.345000
-6.350000
-6.355000
-6.370000
-6.375000
-6.360000
-6.355000
-6.335000
-6.315000
-6.320000
-6.325000
-6.330000
-6.335000
-6.335000
-6.320000
-6.305000
-6.285000
-6.270000
-6.240000
-6.220000
-6.195000
-6.180000
-6.165000
-6.140000
-6.150000
-6.135000
-6.145000
-6.135000
-6.120000
-6.085000
-6.065000
-6.055000
-6.035000
-6.030000
-6.015000
-6.010000
-6.015000
-6.025000
-6.025000
-6.015000
-6.000000
-5.995000
-5.980000
-5.965000
-5.970000
-5.965000
-5.965000
-5.980000
-5.980000
-5.990000
-6.000000
-5.995000
-5.985000
-5.980000
-5.985000
-5.975000
-5.960000
-5.960000
-5.970000
-5.975000
-6.000000
-5.995000
-6.005000
-6.015000
-6.000000
-6.010000
-6.005000
-6.000000
-6.000000
-6.000000
-5.995000
-6.010000
-6.005000
-6.025000
-6.025000
-6.025000
-6.025000
-6.030000
-6.015000
-6.005000
-5.985000
-6.005000
-5.995000
-6.015000
-6.010000
-6.025000
-6.025000
-6.025000
-6.015000
-6.020000
-5.990000
-5.985000
-5.975000
-5.970000
-5.975000
-5.985000
-6.000000
-6.005000
-6.015000
-6.015000
-6.025000
-6.020000
-6.015000
-6.005000
-6.000000
-5.995000
-6.000000
-6.005000
-5.995000
-6.010000
-5.990000
-5.980000
-5.995000
-5.990000
-5.995000
-5.960000
-5.955000
-5.955000
-5.920000
-5.920000
-5.925000
-5.910000
-5.915000
-5.915000
-5.895000
-5.885000
-5.880000
-5.865000
-5.845000
-5.880000
-5.855000
-5.835000
-5.830000
-5.820000
-5.810000
-5.820000
-5.835000
-5.840000
-5.855000
-5.845000
-5.850000
-5.860000
-5.840000
-5.830000
-5.815000
-5.790000
-5.785000
-5.805000
-5.825000
-5.855000
-5.880000
-5.910000
-5.930000
-5.935000
-5.950000
-5.975000
-5.980000
-6.025000
-6.040000
-6.040000
-6.025000
-6.025000
-6.030000
-6.025000
-6.040000
-6.045000
-6.040000
-6.030000
-6.050000
-6.030000
-6.050000
-6.055000
-6.050000
-6.050000
-6.045000
-6.055000
-6.050000
-6.055000
-6.055000
-6.070000
-6.060000
-6.065000
-6.050000
-6.070000
-6.095000
-6.085000
-6.075000
-6.055000
-6.050000
-6.050000
-6.060000
-6.060000
-6.075000
-6.070000
-6.050000
-5.970000
-5.885000
-5.725000
-5.565000
-5.425000
-5.320000
-5.275000
-5.290000
-5.320000
-5.335000
-5.300000
-5.215000
-5.055000
-4.875000
-4.740000
-4.715000
-4.830000
-5.145000
-5.580000
-6.015000
-6.400000
-6.645000
-6.795000
-6.875000
-6.930000
-6.975000
-7.010000
-7.050000
-7.070000
-7.075000
-7.100000
-7.110000
-7.130000
-7.150000
-7.150000
-7.150000
-7.125000
-7.080000
-7.000000
-6.895000
-6.765000
-6.625000
-6.490000
-6.375000
-6.290000
-6.215000
-6.180000
-6.170000
-6.180000
-6.180000
-6.170000
-6.160000
-6.135000
-6.120000
-6.120000
-6.120000
-6.115000
-6.120000
-6.125000
-6.130000
-6.145000
-6.150000
-6.140000
-6.120000
-6.120000
-6.120000
-6.125000
-6.135000
-6.150000
-6.185000
-6.185000
-6.195000
-6.220000
-6.220000
-6.230000
-6.250000
-6.235000
-6.230000
-6.245000
-6.260000
-6.270000
-6.290000
-6.305000
-6.305000
-6.305000
-6.320000
-6.325000
-6.325000
-6.345000
-6.330000
-6.335000
-6.355000
-6.350000
-6.370000
-6.370000
-6.395000
-6.390000
-6.380000
-6.375000
-6.365000
-6.360000
-6.330000
-6.345000
-6.330000
-6.340000
-6.330000
-6.340000
-6.320000
-6.325000
-6.315000
-6.295000
-6.265000
-6.255000
-6.195000
-6.185000
-6.180000
-6.175000
-6.160000
-6.170000
-6.155000
-6.145000
-6.145000
-6.120000
-6.090000
-6.080000
-6.045000
-6.040000
-6.040000
-6.040000
-6.040000
-6.040000
-6.045000
-6.035000
-6.050000
-6.040000
-6.025000
-6.000000
-5.980000
-5.990000
-5.990000
-5.995000
-5.990000
-5.990000
-6.005000
-6.010000
-6.010000
-5.995000
-5.975000
-5.960000
-5.955000
-5.975000
-5.975000
-6.005000
-6.005000
-6.015000
-6.005000
-6.005000
-6.000000
-5.990000
-5.990000
-5.985000
-5.970000
-5.995000
-5.995000
-6.010000
-6.005000
-6.030000
-6.035000
-6.035000
-6.045000
-6.015000
-5.995000
-5.995000
-5.985000
-5.985000
-5.995000
-6.010000
-6.005000
-6.025000
-6.015000
-6.030000
-6.030000
-6.020000
-6.010000
-5.995000
-5.985000
-5.985000
-5.985000
-5.990000
-6.000000
-5.995000
-6.010000
-6.025000
-6.015000
-6.000000
-5.985000
-5.980000
-5.975000
-5.980000
-5.990000
-6.005000
-6.005000
-6.010000
-5.990000
-6.000000
-5.985000
-5.975000
-5.960000
-5.965000
-5.965000
-5.965000
-5.970000
-5.955000
-5.960000
-5.955000
-5.955000
-5.945000
-5.945000
-5.915000
-5.895000
-5.880000
-5.860000
-5.870000
-5.865000
-5.865000
-5.870000
-5.865000
-5.840000
-5.820000
-5.795000
-5.785000
-5.795000
-5.795000
-5.800000
-5.835000
-5.865000
-5.890000
-5.895000
-5.865000
-5.850000
-5.840000
-5.800000
-5.780000
-5.775000
-5.785000
-5.805000
-5.845000
-5.875000
-5.910000
-5.940000
-5.940000
-5.955000
-5.980000
-5.990000
-5.990000
-6.005000
-6.020000
-6.020000
-6.000000
-6.005000
-5.995000
-6.005000
-6.010000
-6.035000
-6.060000
-6.060000
-6.050000
-6.045000
-6.040000
-6.025000
-6.030000
-6.020000
-6.010000
-6.020000
-6.045000
-6.055000
-6.055000
-6.050000
-6.050000
-6.035000
-6.040000
-6.025000
-6.020000
-6.035000
-6.050000
-6.070000
-6.080000
-6.090000
-6.065000
-5.995000
-5.880000
-5.740000
-5.565000
-5.410000
-5.335000
-5.305000
-5.310000
-5.355000
-5.335000
-5.270000
-5.135000
-4.940000
-4.765000
-4.635000
-4.635000
-4.780000
-5.105000
-5.530000
-5.940000
-6.255000
-6.480000
-6.605000
-6.690000
-6.740000
-6.805000
-6.865000
-6.920000
-6.970000
-7.005000
-7.035000
-7.055000
-7.080000
-7.075000
-7.095000
-7.090000
-7.060000
-6.995000
-6.915000
-6.820000
-6.660000
-6.535000
-6.385000
-6.275000
-6.210000
-6.175000
-6.140000
-6.160000
-6.150000
-6.135000
-6.120000
-6.095000
-6.085000
-6.080000
-6.095000
-6.095000
-6.095000
-6.095000
-6.095000
-6.105000
-6.115000
-6.105000
-6.090000
-6.095000
-6.080000
-6.095000
-6.100000
-6.110000
-6.120000
-6.150000
-6.165000
-6.160000
-6.180000
-6.170000
-6.160000
-6.175000
-6.170000
-6.190000
-6.225000
-6.245000
-6.270000
-6.275000
-6.280000
-6.280000
-6.295000
-6.290000
-6.280000
-6.280000
-6.275000
-6.275000
-6.315000
-6.305000
-6.330000
-6.340000
-6.350000
-6.370000
-6.345000
-6.340000
-6.335000
-6.330000
-6.305000
-6.320000
-6.335000
-6.320000
-6.325000
-6.330000
-6.310000
-6.315000
-6.300000
-6.270000
-6.250000
-6.235000
-6.215000
-6.215000
-6.215000
-6.180000
-6.160000
-6.155000
-6.140000
-6.135000
-6.130000
-6.085000
-6.075000
-6.045000
-6.030000
-6.025000
-6.020000
-6.020000
-6.020000
-6.020000
-6.015000
-6.010000
-5.995000
-5.980000
-5.965000
-5.950000
-5.940000
-5.950000
-5.945000
-5.955000
-5.960000
-5.965000
-5.970000
-5.975000
-5.965000
-5.960000
-5.975000
-5.965000
-5.960000
-5.960000
-5.950000
-5.935000
-5.955000
-5.960000
-5.950000
-5.970000
-5.985000
-5.970000
-5.965000
-5.955000
-5.955000
-5.955000
-5.940000
-5.955000
-5.980000
-5.985000
-6.010000
-6.015000
-6.005000
-6.000000
-5.985000
-5.975000
-5.965000
-5.965000
-5.985000
-6.000000
-6.020000
-6.010000
-6.020000
-6.030000
-6.025000
-6.005000
-6.010000
-6.000000
-5.980000
-5.960000
-5.960000
-5.980000
-5.980000
-6.015000
-6.015000
-6.025000
-6.010000
-6.005000
-5.990000
-5.985000
-5.990000
-5.975000
-5.975000
-5.970000
-5.980000
-5.975000
-5.970000
-5.990000
-5.990000
-6.000000
-5.985000
-5.985000
-5.965000
-5.985000
-5.970000
-5.965000
-5.960000
-5.985000
-5.960000
-5.930000
-5.930000
-5.915000
-5.905000
-5.885000
-5.875000
-5.870000
-5.865000
-5.860000
-5.860000
-5.865000
-5.845000
-5.835000
-5.820000
-5.790000
-5.760000
-5.765000
-5.755000
-5.750000
-5.785000
-5.810000
-5.835000
-5.865000
-5.865000
-5.865000
-5.860000
-5.835000
-5.800000
-5.775000
-5.760000
-5.755000
-5.780000
-5.805000
-5.865000
-5.900000
-5.955000
-5.960000
-5.965000
-5.955000
-5.965000
-5.955000
-5.965000
-5.970000
-5.980000
-6.005000
-6.015000
-6.025000
-6.030000
-6.035000
-6.035000
-6.030000
-6.015000
-6.010000
-6.000000
-6.010000
-6.005000
-6.015000
-6.035000
-6.045000
-6.045000
-6.050000
-6.055000
-6.035000
-6.030000
-6.020000
-6.025000
-6.020000
-6.015000
-6.025000
-6.030000
-6.045000
-6.035000
-6.040000
-6.045000
-6.050000
-6.060000
-6.075000
-6.080000
-6.105000
-6.075000
-6.025000
-5.940000
-5.825000
-5.690000
-5.585000
-5.475000
-5.415000
-5.390000
-5.415000
-5.405000
-5.340000
-5.205000
-5.010000
-4.800000
-4.660000
-4.600000
-4.685000
-4.970000
-5.385000
-5.810000
-6.185000
-6.450000
-6.605000
-6.715000
-6.800000
-6.865000
-6.955000
-7.020000
-7.075000
-7.120000
-7.115000
-7.125000
-7.115000
-7.110000
-7.110000
-7.100000
-7.090000
-7.030000
-6.965000
-6.865000
-6.720000
-6.565000
-6.425000
-6.315000
-6.245000
-6.180000
-6.150000
-6.145000
-6.155000
-6.130000
-6.125000
-6.110000
-6.110000
-6.125000
-6.100000
-6.095000
-6.070000
-6.060000
-6.065000
-6.075000
-6.075000
-6.090000
-6.080000
-6.110000
-6.120000
-6.115000
-6.120000
-6.130000
-6.125000
-6.130000
-6.140000
-6.135000
-6.145000
-6.170000
-6.185000
-6.205000
-6.230000
-6.230000
-6.240000
-6.235000
-6.225000
-6.230000
-6.240000
-6.245000
-6.250000
-6.290000
-6.310000
-6.320000
-6.325000
-6.305000
-6.295000
-6.295000
-6.310000
-6.300000
-6.315000
-6.310000
-6.330000
-6.325000
-6.330000
-6.335000
-6.315000
-6.300000
-6.285000
-6.280000
-6.275000
-6.265000
-6.250000
-6.235000
-6.230000
-6.240000
-6.250000
-6.215000
-6.205000
-6.190000
-6.155000
-6.120000
-6.100000
-6.080000
-6.060000
-6.065000
-6.070000
-6.050000
-6.040000
-6.040000
-6.030000
-6.025000
-6.020000
-5.995000
-5.970000
-5.960000
-5.945000
-5.935000
-5.940000
-5.955000
-5.960000
-5.955000
-5.945000
-5.945000
-5.945000
-5.930000
-5.925000
-5.920000
-5.920000
-5.915000
-5.940000
-5.940000
-5.950000
-5.950000
-5.955000
-5.955000
-5.960000
-5.950000
-5.950000
-5.950000
-5.945000
-5.945000
-5.965000
-5.975000
-5.975000
-5.980000
-5.980000
-5.980000
-5.990000
-5.980000
-5.980000
-5.980000
-5.975000
-5.965000
-5.975000
-5.970000
-5.980000
-6.000000
-5.995000
-5.995000
-5.980000
-5.965000
-5.975000
-5.945000
-5.950000
-5.960000
-5.975000
-5.985000
-5.995000
-6.005000
-6.015000
-6.010000
-6.015000
-5.990000
-5.965000
-5.950000
-5.960000
-5.965000
-5.960000
-5.975000
-5.970000
-5.980000
-5.970000
-5.985000
-5.970000
-5.960000
-5.955000
-5.975000
-5.985000
-5.965000
-5.950000
-5.960000
-5.960000
-5.955000
-5.955000
-5.950000
-5.945000
-5.940000
-5.925000
-5.925000
-5.910000
-5.885000
-5.880000
-5.855000
-5.860000
-5.875000
-5.865000
-5.850000
-5.835000
-5.825000
-5.785000
-5.750000
-5.740000
-5.740000
-5.755000
-5.775000
-5.795000
-5.835000
-5.855000
-5.855000
-5.860000
-5.845000
